0101-
0010                                                                  
1000
0100
1000
0100-
1000                                                                  
0010
0100
0001
0010-
0000                                                                  
0000
0000
0000
1001-
0000                                                                  
0000
0000
0000
0100-
0000                                                                  
0010
0000
0000
0010-
0000                                                                  
0100
0000
0000
1000-
0000                                                                  
0010
0000
0000
1000-
0010                                                                  
0000
0000
0000
0011-
0000                                                                  
1100
0000
0000
0100-
0000                                                                  
0100
0000
0000
0001-
0000                                                                  
0100
0000
0000
0100-
0010                                                                  
0000
0000
0000
0110-
0000                                                                  
0110
0000
0000
1001-
1000                                                                  
0000
0000
0000
0100-
0000                                                                  
0001
0000
0000
0001-
0100                                                                  
0000
0000
0000
1010-
0000                                                                  
0100
0000
0000
0001-     
0000                                                             
1000
0100
0010
0001-
0000                                                                  
0010
0000
0000
0010-
0100                                                                  
0000
0000
0000
1000-
0000                                                                  
0010
0000
0000
1000-
0000
0001
0010
0100
1000-
0000                                                                  
0000
0000
0000
0100-
0000                                                                  
0000
0000
0000
0100-
0000                                                                  
0000
0000
0000
1000-
0000
0001
0010
0001
0010-
0000                                                                  
0100
0000
0000
1001-
0010                                                                  
0000
0000
0000
1001-
0000                                                                  
0100
0000
0000
1000-
0000                                                                  
0010
0100
0010
0100-
0000                                                                  
0000
0000
0000
1001-
0000                                                                  
0000
0000
0000
1001-
0000
1000
0000
0000
1000-
0000
0001
0010
0100
1000-
0000
0001
0010
0100
1000-
0000
0001
0010
0100
1000------------------
0000
0001
0000
0010-
0000
0100
1000
0000
1000-
0000
0000
0001
0000
0010-
0000
0100
1000
0000
1001-
0000
0000
0110
0000
0110-
0000
0110
0000
0000
1001-
0000
0000
0110
0000
0110-
0000
0110
0000
0000
1001-
0000
0100
0000
0000
0100-
0000
0100
0000
0000
1001-
0000
0100
0000
0000
0100-
0000
0100
0000
0000
1001-
0000
0010
0100
1000
0100-
0010
0001
0010
0100
1000-
0000
0000
0000
0000
1001-
0000
0000
0000
0000
0001-
0000
0010
0000
0000
0100-
0000
1000
0000
0000
1000-
0000
0100
0000
0000
1001-
0110
0000
0000
0000
1001-
0000
0010
0000
0000
1001-
0000
0100
0000
0000
0000-
0000
0001
0000
0000
0010-
0100
0000
0000
0000
1000-
0000
1000
0000
0000
0100-
0000
1000
0000
0000
0000-
0000
0001
0000
0000
0001-
0010
0000
0000
0000
1001-
0000
0110
0000
0000
1001-
0000
0001
0000
0000
1000- *****tudtudtudtud
0000
0100
0010
0000
1001-
0010
0000
0000
0000
1001-
0000
0010
0000
0000
1001-
0000
0010
0000
0000
1000-
0000
0000
0010
0000
1001-
0010
0000
0000
0000
1001-
0000
0010
0000
0000
0001-
0000
0010
0000
0000
0000-
0000
0100
0010
0000
0001-
0010
0000
0000
0000
0010-
0000
0001
0000
0000
1000-
0000
0100
0000
0000
0000-
0000
0010
0000
0000
0001-
0000
0010
0000
0000 -verseII
1001-hang yao
0000
0010
0100
0010
0100-
0010
0100
0010
0100
0010-
0000
0000
0000
0000
0010-
0000
0000
0000
0000
0001-
0000
0001
0000
0000
0010-
0000
0001
0000
0000
0100-
1000
0100
1000
0000
0010-
0100
0000
0000
0000
0001-
0000
0001
0000
0000
0100-
0000
1000
0000
0000
0010-
0001
0010
0001
0000 
0010-reag wa
0100
0000
0000
0000
0010-
0000
0010
0000
0000
1000-
0100
0000
0000
0000
0100-
0000 maibao
1000
0000
0000
1000-
0100
0000
0000
0000
0001-
0000
0001
0000
0000
0001-
0000
0100
1000
0100
1000-
0000 chang rue pao
0001
0000
0000
0010-
0001
0000
0000
0000
0001-
0000
0010
0000
0010
0100-
0010
0100
0010
0100
0010-chang
0000
0000
0000
1000 chang
0000-
0000
0000
0000
0001-chang
0000
0001
0000
0000
0000-
0010
0100
1000
0100
1000-
0000 chang rue pao
0001
0000
0000
0010-
0001
0000
0000
0000
0001-
0000
0010
0000
0000
1000-
0000
0100
0010
0100
0010-chang
0000
0000
0000
0000 
1000-chang
0000
0000
0000
0000
0001-chang
0000
1000
0010
0010
0000-
0100
0000
0001
0000
1010-
0000
1000
0000
0010
0000-
0110
0000
0010
0000
1001-
0000
1000
0010
0010
0000-
0100
0000
0001
0000
1010-
0000
1000
0000
0010
0000-
0110
0000
0010
0000
1000- 1beat=5gap